SetDesc:         "F2,FL,F3 simulation for EIC"
SetIndex:        0
Authors:         JAM Collaboration
Reference:       jam19
Format:          lhagrid1
DataVersion:     1
NumMembers:      1
Particle:        d
Flavors:         [900, 901, 902, 903, 904, 905, 906, 907, 908, 909, 910, ]
OrderQCD:        1
FlavorScheme:    <flav scheme>
NumFlavors:      11
ErrorType:       no error
XMin:            1.00e-06
XMax:            1.00e+00
QMin:            1.14e+00
QMax:            3.16e+02
MZ:              91.187600
MUp:             0.0
MDown:           0.0
MStrange:        0.0
MCharm:          1.280000
MBottom:         4.180000
MTop:            180.0
AlphaS_MZ:       0.118000
AlphaS_OrderQCD: 1
AlphaS_Type:     ipol
AlphaS_Qs: [1.14018E+00, 1.22539E+00, 1.32482E+00, 1.44156E+00, 1.57954E+00, 1.74381E+00, 1.94091E+00, 2.12132E+00, 2.17945E+00, 2.49622E+00, 2.89383E+00, 3.39925E+00, 4.05063E+00, 4.90286E+00, 6.03623E+00, 7.57063E+00, 9.68869E+00, 1.26749E+01, 1.69835E+01, 2.33578E+01, 3.30501E+01, 4.82334E+01, 7.28041E+01, 1.13998E+02, 1.85779E+02, 3.16228E+02, ]
AlphaS_Vals: [4.02912E-01, 3.83415E-01, 3.65250E-01, 3.48500E-01, 3.32128E-01, 3.16161E-01, 3.00622E-01, 2.88905E-01, 2.85531E-01, 2.69780E-01, 2.54587E-01, 2.39964E-01, 2.25920E-01, 2.13478E-01, 2.01645E-01, 1.90212E-01, 1.79192E-01, 1.68598E-01, 1.58435E-01, 1.48709E-01, 1.39420E-01, 1.30569E-01, 1.22151E-01, 1.14159E-01, 1.06587E-01, 9.94252E-02, ]
AlphaS_Lambda4: 0
AlphaS_Lambda5: 0
