SetDesc: 'CT18NNLO theory predictions for F_{2,L} EM and F_{2,L,3} W^- at EIC'
SetIndex: 00000
Authors: T.Hobbs and CT collaboration
Reference: arXiv:1912.10053
Format: lhagrid1
DataVersion:   1
NumMembers:    1
Flavors: [900, 901, 902, 903, 904, 905, 906, 907, 908, 909, 910, 930, 931, 932]
OrderQCD:     2
FlavorScheme: variable
NumFlavors: 5
ErrorType: no error
XMin:   1.000000E-06
XMax:   1.000000E+00
QMin:   1.295000E+00
QMax:   3.152120E+02
MZ:  91.1870
MUp:   0.0010
MDown:   0.0010
MStrange:   0.2000
MCharm:   1.3000
MBottom:   4.7500
MTop: 172.0000
AlphaS_MZ:  0.118000
AlphaS_OrderQCD:     2
AlphaS_Type: ipol
AlphaS_Qs: [ 1.29500E+00, 1.29875E+00, 1.46461E+00, 1.65924E+00, 1.89067E+00, 2.16749E+00, 2.50067E+00, 2.90430E+00, 3.39664E+00, 4.00145E+00, 4.75000E+00, 5.76715E+00, 7.07072E+00, 8.75819E+00, 1.09657E+01, 1.38856E+01, 1.77929E+01, 2.30855E+01, 3.03471E+01, 4.04448E+01, 5.46864E+01, 7.50724E+01, 1.04712E+02, 1.48517E+02, 2.14380E+02, 3.15212E+02]
AlphaS_Vals: [ 3.78712E-01, 3.77954E-01, 3.53434E-01, 3.30194E-01, 3.09188E-01, 2.90098E-01, 2.72663E-01, 2.56673E-01, 2.41952E-01, 2.28356E-01, 2.15760E-01, 2.04638E-01, 1.93923E-01, 1.83856E-01, 1.74388E-01, 1.65473E-01, 1.57071E-01, 1.49144E-01, 1.41660E-01, 1.34588E-01, 1.27902E-01, 1.21575E-01, 1.15586E-01, 1.09913E-01, 1.04537E-01, 9.94398E-02]
